maxAcc =

    0.7890


weights =

    0.1541    0.4655    0.2833    0.3727    0.5023

maxAcc =

    0.8072


weights =

    0.2852    0.2856    0.2712    0.3506    0.4258
