1000

maxAcc =

    0.7890


weights =

    0.1541    0.4655    0.2833    0.3727    0.5023

maxAcc =

    0.8072


weights =

    0.2852    0.2856    0.2712    0.3506    0.4258

maxAcc =

    0.7656


weights =

    0.2208    0.3446    0.3997    0.8352    0.0753

10000

maxAcc =

    0.7969


weights =

    0.3012    0.4677    0.8775    0.9797    0.6646
